Min seam is: 43680.2993247
[ 499, 232, 50.4021558113 ]
[ 498, 233, 27.4633005944 ]
[ 497, 232, 234.206796437 ]
[ 496, 231, 49.505670465 ]
[ 495, 231, 40.4431370421 ]
[ 494, 230, 47.0336359448 ]
[ 493, 230, 117.73679925 ]
[ 492, 229, 119.194247418 ]
[ 491, 228, 123.467802352 ]
[ 490, 227, 1.52360809267 ]
[ 489, 226, 105.425757308 ]
[ 488, 225, 197.202309308 ]
[ 487, 226, 6.18908431445 ]
[ 486, 227, 11.0540545139 ]
[ 485, 227, 43.3303181039 ]
[ 484, 227, 90.4889466819 ]
[ 483, 228, 67.1566233955 ]
[ 482, 228, 17.3473917453 ]
[ 481, 228, 158.560413463 ]
[ 480, 227, 378.324244157 ]
[ 479, 226, 37.1702595643 ]
[ 478, 225, 1.62296671852 ]
[ 477, 225, 94.1769015954 ]
[ 476, 224, 10.1613190094 ]
[ 475, 225, 86.994769496 ]
[ 474, 224, 39.3876760642 ]
[ 473, 223, 84.3093085764 ]
[ 472, 223, 61.3201131765 ]
[ 471, 224, 91.4952769269 ]
[ 470, 223, 11.0559019093 ]
[ 469, 222, 171.250604197 ]
[ 468, 221, 155.432579745 ]
[ 467, 220, 0.537918131301 ]
[ 466, 219, 60.8475496324 ]
[ 465, 220, 75.0864819246 ]
[ 464, 221, 172.300468177 ]
[ 463, 221, 145.205395844 ]
[ 462, 222, 15.8222654552 ]
[ 461, 221, 4.38140926146 ]
[ 460, 221, 154.143724301 ]
[ 459, 222, 108.743297412 ]
[ 458, 221, 108.613030814 ]
[ 457, 222, 21.7539637563 ]
[ 456, 221, 29.0071564763 ]
[ 455, 222, 10.329318548 ]
[ 454, 221, 92.9139184284 ]
[ 453, 220, 68.5577192792 ]
[ 452, 221, 51.4874645798 ]
[ 451, 220, 86.9990812261 ]
[ 450, 220, 3.85532330018 ]
[ 449, 221, 177.536060865 ]
[ 448, 220, 168.757628741 ]
[ 447, 221, 125.642693771 ]
[ 446, 220, 42.1708977145 ]
[ 445, 220, 96.347491704 ]
[ 444, 219, 53.6415908751 ]
[ 443, 218, 174.48354177 ]
[ 442, 217, 62.7074914941 ]
[ 441, 218, 77.2183051951 ]
[ 440, 219, 186.255240489 ]
[ 439, 218, 62.6548053653 ]
[ 438, 218, 179.275569767 ]
[ 437, 218, 22.0916256467 ]
[ 436, 219, 23.154138045 ]
[ 435, 218, 159.176298123 ]
[ 434, 217, 162.780686465 ]
[ 433, 216, 43.8772857469 ]
[ 432, 215, 25.93809864 ]
[ 431, 215, 73.2829199337 ]
[ 430, 214, 15.8070724622 ]
[ 429, 214, 148.061169454 ]
[ 428, 214, 114.722143996 ]
[ 427, 215, 28.2474758749 ]
[ 426, 215, 78.6355997456 ]
[ 425, 215, 148.713091052 ]
[ 424, 214, 96.4335789843 ]
[ 423, 214, 225.723896297 ]
[ 422, 214, 20.9019572106 ]
[ 421, 213, 39.0138004335 ]
[ 420, 212, 50.6260535782 ]
[ 419, 211, 130.830779107 ]
[ 418, 211, 34.4530029036 ]
[ 417, 211, 14.4336812138 ]
[ 416, 211, 143.754030806 ]
[ 415, 210, 300.857497476 ]
[ 414, 209, 46.6643557284 ]
[ 413, 209, 42.9419167175 ]
[ 412, 209, 254.975248337 ]
[ 411, 209, 1.23116908763 ]
[ 410, 209, 12.1456329684 ]
[ 409, 209, 142.934394463 ]
[ 408, 209, 19.947584169 ]
[ 407, 210, 53.3515897626 ]
[ 406, 209, 9.6895800126 ]
[ 405, 209, 0.285023147016 ]
[ 404, 209, 312.203533069 ]
[ 403, 208, 189.269260138 ]
[ 402, 209, 45.1988091302 ]
[ 401, 208, 173.170742015 ]
[ 400, 209, 23.9939331853 ]
[ 399, 208, 75.7563643009 ]
[ 398, 209, 102.672890309 ]
[ 397, 208, 25.8520063017 ]
[ 396, 207, 39.4289554465 ]
[ 395, 206, 37.318926494 ]
[ 394, 207, 158.181203589 ]
[ 393, 206, 29.7236185358 ]
[ 392, 206, 5.63800169219 ]
[ 391, 207, 82.237919624 ]
[ 390, 207, 82.3652966964 ]
[ 389, 208, 56.7405043779 ]
[ 388, 207, 55.2692419864 ]
[ 387, 207, 100.682097666 ]
[ 386, 207, 67.5815498194 ]
[ 385, 206, 173.875076228 ]
[ 384, 205, 0.413034123219 ]
[ 383, 205, 54.8468100671 ]
[ 382, 206, 102.527227332 ]
[ 381, 207, 73.4060324239 ]
[ 380, 208, 78.1716980297 ]
[ 379, 209, 43.5835660323 ]
[ 378, 208, 28.3936565123 ]
[ 377, 209, 18.845745238 ]
[ 376, 208, 73.0388523736 ]
[ 375, 208, 20.2849329495 ]
[ 374, 208, 30.7364308272 ]
[ 373, 208, 17.9763731306 ]
[ 372, 208, 14.8082263779 ]
[ 371, 207, 32.5052429668 ]
[ 370, 208, 146.523768944 ]
[ 369, 208, 142.702173591 ]
[ 368, 208, 144.187390349 ]
[ 367, 209, 157.934491967 ]
[ 366, 209, 166.867005685 ]
[ 365, 208, 16.6599592407 ]
[ 364, 209, 13.015622057 ]
[ 363, 210, 76.1828276912 ]
[ 362, 210, 52.823835593 ]
[ 361, 209, 110.218758801 ]
[ 360, 210, 3.99235712947 ]
[ 359, 210, 84.8508272213 ]
[ 358, 211, 27.5938770321 ]
[ 357, 211, 118.24555314 ]
[ 356, 210, 98.7914425965 ]
[ 355, 211, 58.4301987088 ]
[ 354, 210, 180.21251741 ]
[ 353, 209, 243.963638527 ]
[ 352, 208, 91.2852135076 ]
[ 351, 207, 116.832035246 ]
[ 350, 206, 69.4561848951 ]
[ 349, 206, 56.0589076472 ]
[ 348, 207, 229.724230336 ]
[ 347, 208, 154.992374077 ]
[ 346, 209, 146.876568411 ]
[ 345, 209, 93.9707775674 ]
[ 344, 209, 5.01567328156 ]
[ 343, 210, 34.0330930618 ]
[ 342, 211, 136.810761701 ]
[ 341, 211, 29.6250159487 ]
[ 340, 212, 135.569719853 ]
[ 339, 213, 255.558169146 ]
[ 338, 214, 49.2590200341 ]
[ 337, 215, 81.8448355319 ]
[ 336, 216, 172.798829474 ]
[ 335, 215, 41.6115034771 ]
[ 334, 215, 55.7535192525 ]
[ 333, 216, 37.9564657264 ]
[ 332, 215, 94.2757359044 ]
[ 331, 214, 95.9309349751 ]
[ 330, 214, 30.9806553087 ]
[ 329, 215, 18.8610779589 ]
[ 328, 216, 43.4377855448 ]
[ 327, 217, 380.711262661 ]
[ 326, 218, 130.062105016 ]
[ 325, 219, 8.3300381073 ]
[ 324, 220, 57.6806689317 ]
[ 323, 221, 235.060417274 ]
[ 322, 221, 183.476643841 ]
[ 321, 221, 2.04988484031 ]
[ 320, 221, 98.6768593964 ]
[ 319, 220, 89.9696759859 ]
[ 318, 220, 158.674992464 ]
[ 317, 219, 44.1018948782 ]
[ 316, 220, 58.0359677799 ]
[ 315, 220, 208.427211329 ]
[ 314, 219, 215.007976768 ]
[ 313, 219, 134.877150031 ]
[ 312, 218, 33.7829165446 ]
[ 311, 219, 100.993554933 ]
[ 310, 220, 46.0246470786 ]
[ 309, 220, 6.9577822008 ]
[ 308, 221, 28.2074665624 ]
[ 307, 220, 40.784657551 ]
[ 306, 220, 219.313059675 ]
[ 305, 219, 50.629341235 ]
[ 304, 220, 60.2305882051 ]
[ 303, 220, 112.905344218 ]
[ 302, 220, 4.42828538345 ]
[ 301, 219, 173.958569322 ]
[ 300, 218, 162.278847774 ]
[ 299, 219, 42.8773662167 ]
[ 298, 218, 5.24042002144 ]
[ 297, 217, 94.243046418 ]
[ 296, 217, 26.9864964405 ]
[ 295, 217, 13.8638093198 ]
[ 294, 216, 20.6944184607 ]
[ 293, 215, 27.2860461841 ]
[ 292, 215, 133.147735594 ]
[ 291, 215, 139.592801496 ]
[ 290, 216, 7.3298050172 ]
[ 289, 217, 130.39279176 ]
[ 288, 217, 19.1451396681 ]
[ 287, 217, 76.4010756561 ]
[ 286, 218, 265.750378756 ]
[ 285, 219, 113.888904391 ]
[ 284, 220, 20.3514463305 ]
[ 283, 220, 186.429547352 ]
[ 282, 221, 57.0766015289 ]
[ 281, 221, 129.818162533 ]
[ 280, 221, 27.9970693527 ]
[ 279, 222, 27.1722409643 ]
[ 278, 223, 52.8767570498 ]
[ 277, 223, 187.491482719 ]
[ 276, 224, 121.238174097 ]
[ 275, 225, 39.0591244341 ]
[ 274, 226, 43.278089137 ]
[ 273, 227, 72.9674842032 ]
[ 272, 228, 68.1712650575 ]
[ 271, 228, 60.6720179359 ]
[ 270, 229, 156.424560867 ]
[ 269, 230, 135.198110645 ]
[ 268, 229, 8.5641588957 ]
[ 267, 230, 166.535602627 ]
[ 266, 229, 143.280596327 ]
[ 265, 230, 38.3597995909 ]
[ 264, 231, 106.431246677 ]
[ 263, 232, 21.1636882012 ]
[ 262, 232, 40.3758385149 ]
[ 261, 232, 271.080780875 ]
[ 260, 231, 17.6556096627 ]
[ 259, 232, 96.5456953566 ]
[ 258, 231, 221.61697529 ]
[ 257, 231, 149.281480205 ]
[ 256, 230, 95.0145808348 ]
[ 255, 230, 96.1213754414 ]
[ 254, 229, 141.105384909 ]
[ 253, 230, 17.0559392811 ]
[ 252, 229, 112.447563869 ]
[ 251, 230, 99.5437287685 ]
[ 250, 229, 36.2489089977 ]
[ 249, 229, 18.9501691505 ]
[ 248, 228, 73.1346216622 ]
[ 247, 227, 71.1693464789 ]
[ 246, 226, 62.5824638247 ]
[ 245, 225, 291.615633904 ]
[ 244, 224, 65.1198796524 ]
[ 243, 224, 13.6353191202 ]
[ 242, 225, 1.77870818809 ]
[ 241, 226, 135.408460243 ]
[ 240, 226, 6.66346837661 ]
[ 239, 225, 128.956208802 ]
[ 238, 225, 46.25178476 ]
[ 237, 225, 143.509040521 ]
[ 236, 224, 295.17048656 ]
[ 235, 223, 24.7817998666 ]
[ 234, 223, 23.0529175222 ]
[ 233, 223, 68.3388358189 ]
[ 232, 222, 10.0644515756 ]
[ 231, 222, 118.852827842 ]
[ 230, 223, 101.469694072 ]
[ 229, 222, 37.7573252212 ]
[ 228, 221, 190.545876043 ]
[ 227, 222, 27.592467152 ]
[ 226, 223, 22.7599850062 ]
[ 225, 224, 31.1723231212 ]
[ 224, 225, 318.300227461 ]
[ 223, 226, 12.3552707972 ]
[ 222, 225, 96.0765011522 ]
[ 221, 226, 57.9758110659 ]
[ 220, 225, 103.160912397 ]
[ 219, 225, 38.158999498 ]
[ 218, 226, 13.7590629131 ]
[ 217, 227, 71.1097586968 ]
[ 216, 228, 219.54542616 ]
[ 215, 229, 86.1717226228 ]
[ 214, 230, 230.435845917 ]
[ 213, 231, 10.3783832806 ]
[ 212, 232, 6.33919199937 ]
[ 211, 232, 143.972623577 ]
[ 210, 231, 122.64728487 ]
[ 209, 231, 73.5275376702 ]
[ 208, 232, 87.492468015 ]
[ 207, 232, 97.3684682386 ]
[ 206, 233, 103.67102861 ]
[ 205, 233, 120.178469753 ]
[ 204, 234, 46.4206623771 ]
[ 203, 234, 229.535368927 ]
[ 202, 234, 61.3006228788 ]
[ 201, 234, 10.2644368144 ]
[ 200, 235, 18.4493498766 ]
[ 199, 235, 76.7589831325 ]
[ 198, 236, 44.8530706135 ]
[ 197, 236, 14.1887312872 ]
[ 196, 237, 326.927862149 ]
[ 195, 238, 21.6398414382 ]
[ 194, 237, 12.6883210836 ]
[ 193, 238, 157.90082579 ]
[ 192, 239, 134.581855346 ]
[ 191, 240, 147.417077243 ]
[ 190, 241, 402.250891999 ]
[ 189, 242, 134.90919647 ]
[ 188, 243, 171.761888484 ]
[ 187, 244, 5.4349509889 ]
[ 186, 243, 58.1538344332 ]
[ 185, 243, 35.954135038 ]
[ 184, 244, 62.280833345 ]
[ 183, 244, 37.7190864529 ]
[ 182, 243, 154.12477534 ]
[ 181, 244, 153.707487991 ]
[ 180, 245, 194.587223214 ]
[ 179, 246, 18.7244047724 ]
[ 178, 247, 16.8247375498 ]
[ 177, 247, 57.7162009156 ]
[ 176, 247, 28.6707310059 ]
[ 175, 247, 66.7296023107 ]
[ 174, 248, 48.4400449225 ]
[ 173, 249, 463.627511946 ]
[ 172, 250, 82.2674315776 ]
[ 171, 251, 107.349401496 ]
[ 170, 252, 127.959300325 ]
[ 169, 253, 196.888232996 ]
[ 168, 254, 113.27530662 ]
[ 167, 255, 171.120625487 ]
[ 166, 255, 123.800574872 ]
[ 165, 256, 0.225504523852 ]
[ 164, 256, 23.2377335298 ]
[ 163, 257, 196.28070826 ]
[ 162, 257, 59.8029370778 ]
[ 161, 256, 29.1281440571 ]
[ 160, 255, 16.0572876006 ]
[ 159, 255, 85.9754171724 ]
[ 158, 254, 69.7254434038 ]
[ 157, 253, 34.635943298 ]
[ 156, 254, 115.944403306 ]
[ 155, 254, 11.7236218759 ]
[ 154, 254, 75.7999866457 ]
[ 153, 253, 37.743029152 ]
[ 152, 252, 9.14658097185 ]
[ 151, 251, 69.147007022 ]
[ 150, 251, 34.5766105488 ]
[ 149, 252, 155.917192157 ]
[ 148, 251, 148.218181124 ]
[ 147, 252, 27.7423236262 ]
[ 146, 251, 5.88566040621 ]
[ 145, 251, 99.8162978843 ]
[ 144, 251, 31.3841043298 ]
[ 143, 250, 20.6553178357 ]
[ 142, 250, 152.831267165 ]
[ 141, 250, 86.2541410443 ]
[ 140, 251, 186.12166278 ]
[ 139, 252, 18.2457483703 ]
[ 138, 252, 98.1759631091 ]
[ 137, 253, 167.761000897 ]
[ 136, 252, 81.4895864293 ]
[ 135, 253, 33.0425112529 ]
[ 134, 252, 70.0299725789 ]
[ 133, 251, 169.467506997 ]
[ 132, 252, 7.00531021638 ]
[ 131, 251, 101.552514212 ]
[ 130, 251, 46.4411541987 ]
[ 129, 252, 40.4466362377 ]
[ 128, 251, 63.5577979734 ]
[ 127, 252, 72.6179657562 ]
[ 126, 251, 139.267760438 ]
[ 125, 252, 80.0490585668 ]
[ 124, 252, 130.63541254 ]
[ 123, 252, 32.3892885746 ]
[ 122, 252, 126.476841498 ]
[ 121, 251, 66.9957305271 ]
[ 120, 250, 46.3747551846 ]
[ 119, 251, 18.8937387269 ]
[ 118, 252, 118.903149398 ]
[ 117, 251, 112.86915342 ]
[ 116, 250, 54.161620369 ]
[ 115, 251, 63.5274399402 ]
[ 114, 252, 46.8669113112 ]
[ 113, 253, 41.3115327544 ]
[ 112, 254, 56.6897075918 ]
[ 111, 254, 51.8219113777 ]
[ 110, 253, 49.8206080612 ]
[ 109, 252, 61.0754482821 ]
[ 108, 252, 14.4054911029 ]
[ 107, 251, 22.3473222831 ]
[ 106, 252, 125.285702737 ]
[ 105, 252, 145.532879906 ]
[ 104, 253, 25.1190234261 ]
[ 103, 253, 29.5679191346 ]
[ 102, 253, 17.3091646477 ]
[ 101, 253, 43.9000571003 ]
[ 100, 253, 77.3481643644 ]
[ 99, 254, 106.647268329 ]
[ 98, 255, 8.27135880031 ]
[ 97, 255, 58.7742488218 ]
[ 96, 256, 45.4480690527 ]
[ 95, 255, 4.69883005413 ]
[ 94, 254, 58.4776308391 ]
[ 93, 253, 47.8895982072 ]
[ 92, 252, 238.242596869 ]
[ 91, 252, 46.7897171091 ]
[ 90, 251, 3.63271154985 ]
[ 89, 252, 6.39087721849 ]
[ 88, 252, 148.540454206 ]
[ 87, 251, 230.527091963 ]
[ 86, 251, 24.6096862537 ]
[ 85, 252, 122.769799578 ]
[ 84, 253, 44.6612830893 ]
[ 83, 252, 139.12706425 ]
[ 82, 253, 237.932391517 ]
[ 81, 253, 78.2246141209 ]
[ 80, 253, 54.1578096961 ]
[ 79, 252, 43.3208415846 ]
[ 78, 252, 23.2169177893 ]
[ 77, 252, 60.8555302037 ]
[ 76, 253, 95.3905034491 ]
[ 75, 254, 80.7874176556 ]
[ 74, 255, 92.0579825696 ]
[ 73, 254, 290.754832157 ]
[ 72, 255, 244.314819552 ]
[ 71, 255, 32.3887422131 ]
[ 70, 255, 51.1847060525 ]
[ 69, 256, 23.6572746804 ]
[ 68, 257, 226.594853036 ]
[ 67, 258, 37.3775059496 ]
[ 66, 259, 85.1725346292 ]
[ 65, 258, 18.3205340244 ]
[ 64, 258, 31.5880322335 ]
[ 63, 258, 57.8642074523 ]
[ 62, 258, 39.4041859498 ]
[ 61, 258, 237.832688192 ]
[ 60, 259, 104.896701829 ]
[ 59, 259, 104.294009407 ]
[ 58, 259, 199.68950462 ]
[ 57, 260, 222.238417649 ]
[ 56, 261, 10.9295301586 ]
[ 55, 262, 21.0911914845 ]
[ 54, 263, 231.457802421 ]
[ 53, 263, 2.98873223344 ]
[ 52, 264, 127.156318609 ]
[ 51, 265, 2.73132417897 ]
[ 50, 266, 11.4178036375 ]
[ 49, 266, 51.3668397596 ]
[ 48, 267, 187.857231012 ]
[ 47, 268, 134.071585944 ]
[ 46, 269, 241.588859522 ]
[ 45, 269, 90.7316499931 ]
[ 44, 269, 253.92821439 ]
[ 43, 270, 5.49143901752 ]
[ 42, 270, 107.239192621 ]
[ 41, 269, 69.6650545678 ]
[ 40, 270, 8.59774243273 ]
[ 39, 269, 31.5895267009 ]
[ 38, 270, 25.0391444133 ]
[ 37, 270, 1.00103416771 ]
[ 36, 271, 3.16020044591 ]
[ 35, 272, 104.839538058 ]
[ 34, 273, 59.9988711009 ]
[ 33, 272, 33.7665678366 ]
[ 32, 272, 7.20752485891 ]
[ 31, 271, 104.649680545 ]
[ 30, 270, 25.0944538813 ]
[ 29, 269, 134.408635802 ]
[ 28, 268, 160.718795442 ]
[ 27, 269, 3.09166260824 ]
[ 26, 269, 159.140610122 ]
[ 25, 269, 143.826882009 ]
[ 24, 268, 16.0466193046 ]
[ 23, 269, 58.111493851 ]
[ 22, 268, 3.11619321288 ]
[ 21, 267, 48.5981499254 ]
[ 20, 267, 122.095037966 ]
[ 19, 268, 112.538300215 ]
[ 18, 269, 48.6841431822 ]
[ 17, 268, 109.513905799 ]
[ 16, 267, 54.6437956129 ]
[ 15, 266, 217.474387096 ]
[ 14, 265, 16.2616860352 ]
[ 13, 264, 49.3511000622 ]
[ 12, 264, 225.432176157 ]
[ 11, 264, 14.0881708847 ]
[ 10, 265, 16.6665274443 ]
[ 9, 264, 33.957720347 ]
[ 8, 264, 201.560301633 ]
[ 7, 265, 30.7092676531 ]
[ 6, 266, 56.618896876 ]
[ 5, 266, 89.8646290207 ]
[ 4, 267, 130.748104137 ]
[ 3, 266, 69.5928371057 ]
[ 2, 266, 210.642737603 ]
[ 1, 266, 131.460687619 ]
[ 0, 265, 25.807112836 ]
